ID,Road,Latitude,Longitude,X1,X2,X3,X4,X5,X6,X7,X8,X9,X10,X11,X12,X13,X14,X15,X16,X17,X18,X19,X20,X21,X22,X23,X24,X25,X26,X27,X28,X29,X30,X31,X32,X33,X34,X35,X36,X37,X38,X39,X40,X41,X42,X43,X44,X45,X46,X47,X48,X49,X50,X51,X52,X53,X54,X55,X56,X57,X58,X59,X60,X61,X62,X63,X64,X65,X66,X67,X68,X69,X70,X71,X72,X73,X74,X75,X76,X77,X78,X79,X80,X81,X82,X83,X84,X85,X86,X87,X88,X89,X90,X91,X92,X93,X94,X95,X96,X97,X98,X99,X100
I79,A3,40.3137864,-3.4967511,1,3,3,0,1,1,0,2,1,1,2,1,2,0,3,1,0,0,1,2,3,1,1,3,0,1,1,1,2,3,3,3,3,0,2,2,0,3,3,0,0,0,3,2,2,3,3,0,3,1,1,0,1,0,3,2,3,0,0,1,0,1,0,2,3,0,0,1,0,3,2,0,0,0,3,3,1,2,2,2,0,3,3,2,3,1,2,0,0,1,3,2,2,1,1,0,2,2,2,3
I80,A3,40.2738519,-3.4504025,0,2,1,2,0,1,3,0,0,3,2,1,0,1,1,2,3,3,3,3,0,3,0,3,1,1,1,3,3,1,2,0,0,0,2,0,3,2,2,0,2,2,2,0,1,1,0,1,2,1,3,1,0,2,2,3,1,0,2,0,3,3,2,3,0,3,3,2,2,1,3,2,3,1,1,0,0,1,1,0,1,3,1,2,2,0,1,1,1,0,3,2,0,2,2,1,3,1,2,3
I81,A3,40.2598365,-3.3585637,1,3,0,3,1,2,0,0,2,0,0,1,3,2,0,0,1,2,1,0,0,1,0,0,2,0,2,2,1,3,1,3,2,3,3,2,0,2,1,2,3,2,0,3,1,0,2,2,0,1,2,1,3,2,0,2,1,2,1,0,2,0,2,2,3,3,2,1,3,3,0,0,0,3,0,2,1,2,2,2,3,1,1,0,1,2,2,3,3,0,1,2,0,1,2,3,0,3,3,0
I82,A3,40.1526605,-3.2478421,3,0,0,2,2,3,0,2,3,3,2,1,1,0,1,2,2,0,3,3,0,0,3,3,0,2,2,2,2,2,3,1,3,3,2,0,3,3,2,2,0,2,3,2,1,2,2,1,1,0,1,0,2,3,3,2,2,1,0,3,0,1,2,3,3,1,3,0,1,3,0,3,1,2,3,3,2,2,3,1,2,0,0,2,2,1,3,3,0,1,3,3,0,2,2,1,2,1,3,0
I83,A3,40.1220006,-3.157398,1,3,2,2,0,3,3,3,1,1,1,0,3,3,3,2,2,0,0,0,1,3,2,2,0,1,2,3,3,1,1,0,2,0,2,1,3,0,1,3,3,3,1,3,1,3,2,0,1,0,1,0,1,3,0,0,2,1,1,2,1,0,3,0,1,0,2,0,2,2,1,1,2,3,2,0,2,1,2,0,3,1,0,3,2,1,0,2,2,0,3,2,1,0,2,3,3,3,0,1
I84,A3,40.0292366,-3.0376378,0,0,2,0,3,2,1,2,1,1,0,3,3,0,3,3,2,2,3,1,0,0,1,1,1,0,0,0,3,1,2,0,0,1,2,0,3,2,0,3,1,1,2,1,0,0,0,3,2,2,2,0,2,3,0,1,2,3,1,2,0,1,1,1,3,0,3,1,1,3,1,3,0,3,0,0,3,0,2,1,3,2,3,0,3,1,1,3,2,0,3,0,0,0,2,2,0,2,2,3
I85,A3,39.92948,-2.8427592,2,1,1,1,3,0,3,0,2,3,1,0,1,3,3,2,0,2,2,1,1,1,3,0,0,3,1,0,2,2,3,1,0,0,0,1,0,2,0,0,1,1,2,3,3,3,1,2,1,3,2,1,3,0,0,1,0,0,3,2,2,1,0,1,1,1,0,1,2,2,0,3,3,0,2,0,3,1,1,2,0,1,0,3,1,3,2,3,3,1,1,0,3,3,3,0,1,1,0,2
I86,A3,39.7866247,-2.4266526,0,3,1,2,1,2,0,1,1,2,2,0,0,2,0,2,0,1,2,2,3,2,2,0,3,1,2,3,3,0,2,0,0,3,3,1,2,2,0,3,2,0,0,2,0,2,3,2,0,1,0,2,1,3,1,0,3,0,2,3,1,1,1,1,2,3,3,2,3,2,0,2,3,0,1,2,1,3,2,0,1,3,3,3,1,2,0,2,1,2,1,0,1,3,3,3,3,1,3,1
I87,A3,39.6546121,-2.3609063,0,0,3,3,2,0,1,3,1,3,1,0,3,1,2,2,1,2,2,0,3,0,2,1,3,1,0,1,2,0,0,0,1,3,2,1,0,1,0,3,0,0,2,1,3,0,0,0,1,1,1,3,3,2,1,3,2,0,3,3,1,1,2,0,3,2,3,3,3,1,2,0,1,2,1,3,3,3,0,3,3,0,1,1,1,1,2,0,3,3,0,2,1,2,0,3,2,0,0,3
I88,A3,39.4919488,-2.0026346,2,2,3,0,0,1,2,2,3,0,1,3,2,3,2,0,1,1,1,3,0,3,0,0,0,0,0,1,1,2,1,0,3,0,1,3,1,2,3,2,2,3,0,2,1,3,2,1,1,2,0,3,3,1,3,2,3,3,1,0,2,3,1,0,3,1,3,1,3,2,3,0,2,3,2,1,3,1,0,0,2,1,3,0,3,3,2,1,2,3,3,0,1,0,1,0,0,2,0,1
I89,A3,39.5180382,-1.7588975,0,3,2,1,3,1,1,1,3,3,3,0,1,3,3,3,2,2,0,1,1,2,1,2,0,2,2,1,3,2,1,0,1,1,1,0,2,0,2,0,3,0,3,3,0,1,3,1,2,2,2,0,1,2,1,0,2,1,2,1,0,1,0,0,1,3,0,3,0,3,0,1,1,1,3,1,1,0,2,3,1,3,3,2,2,3,2,2,0,3,2,3,2,1,3,0,1,3,0,1
I90,A3,39.5437899,-1.5189609,1,1,0,1,3,0,1,0,1,0,3,3,1,2,0,1,1,0,3,0,1,1,3,1,3,1,0,3,3,1,1,3,0,1,3,0,2,0,3,0,2,1,3,3,3,3,1,0,0,0,0,1,1,1,3,3,2,2,2,3,2,1,0,0,2,2,1,3,1,1,3,0,1,3,2,2,3,0,2,3,3,1,1,0,1,0,3,0,3,0,3,1,0,2,3,2,0,3,3,1
I91,A3,39.5407575,-1.3110682,0,3,2,3,0,2,0,1,3,3,3,3,2,2,2,1,2,0,1,1,0,3,3,2,3,0,1,1,3,2,0,2,1,1,1,2,2,3,2,3,1,1,0,2,0,2,2,1,3,3,0,1,1,1,2,2,2,0,2,0,3,0,0,1,1,1,2,0,3,3,0,1,3,1,0,2,2,2,1,0,1,1,2,0,0,2,3,3,0,1,3,2,0,3,3,2,3,2,1,2
I92,A3,39.5490691,-1.1864414,0,1,2,1,2,3,3,3,2,0,0,3,2,1,2,2,2,0,3,1,2,3,1,3,2,1,0,3,3,1,2,3,2,1,3,3,1,1,0,3,0,2,0,1,2,3,3,3,3,2,2,1,2,1,0,3,2,3,1,0,1,1,0,1,3,3,1,2,0,1,3,2,3,2,0,2,0,2,3,3,1,3,3,3,1,0,1,2,2,0,1,1,0,2,1,2,1,0,3,1
I93,A3,39.5004699,-1.0939614,2,2,0,1,3,2,2,3,1,1,1,2,1,1,1,0,0,1,1,3,2,1,2,1,1,0,2,0,2,0,3,1,3,0,1,2,1,2,2,3,1,0,0,2,0,0,2,2,3,0,3,3,2,3,3,2,3,1,3,1,2,1,0,0,3,2,0,0,2,1,0,1,3,2,1,0,2,2,3,3,0,0,0,0,1,3,0,0,3,3,3,1,1,0,0,3,0,0,3,0
I94,A3,39.4537082,-0.8642425,2,3,3,2,1,1,0,0,0,3,2,2,2,0,0,1,3,0,2,1,0,1,2,1,3,3,0,3,3,2,1,2,3,1,1,2,1,2,0,0,0,2,2,2,1,0,3,2,3,2,3,2,3,1,0,0,3,1,0,1,2,2,2,1,0,1,0,2,1,0,2,3,3,3,2,3,3,2,1,1,0,3,1,0,1,3,0,0,1,1,0,0,0,1,1,2,3,3,3,3
I95,A3,39.4320335,-0.7921794,2,0,0,3,2,1,3,3,3,1,2,1,2,1,0,1,3,0,2,3,3,2,2,3,1,2,0,0,0,0,3,1,0,0,0,3,2,3,2,1,0,1,2,0,0,0,3,0,0,1,2,0,2,0,1,2,3,1,2,3,1,3,0,3,3,3,1,1,3,1,3,0,3,3,1,0,1,0,0,2,2,0,0,3,0,3,3,2,2,0,1,3,3,2,2,2,1,2,1,0
